47 8
 51    47
   250    45
    47   254
   247   253
   142   364
    68   287
    89   317
   111   342
   168   344
   189   321
   217   287
    69   252
   116   254
   149   254
   183   254
   216   254
   243   230
   246   202
   244   172
   247   144
   248   113
   251    82
   226    45
   191    48
   159    50
   119    48
    79    48
    55    66
    52    99
    54   135
    57   176
    54   218
    73   224
   106   204
   140   170
   162   135
   189   113
   207    87
   229    69
   224   228
   201   209
   181   184
   161   164
   144   147
   118   120
    95    97
    75    75
