11
3
8 1 0 1 0 1 0 1 0 
8 1 0 0 0 1 0 0 0 
8 1 0 0 0 1 0 0 0 
8 0 1 0 1 0 1 0 1 
8 1 0 1 0 1 0 0 0 
8 1 0 0 0 1 0 0 0 
8 1 0 0 0 0 0 0 0 
8 0 0 0 1 0 1 0 1 
8 1 0 0 0 1 0 0 0 
8 1 0 0 0 0 0 0 0 
8 0 0 0 0 0 0 0 0 
8 0 0 0 1 0 0 0 1 

32 1 0 0 0 0 0 0 0 1 0 0 0 0 0 0 0 1 0 0 0 0 0 0 0 0 0 0 0 0 0 0 0 
32 1 0 0 0 0 1 0 1 1 1 0 1 0 1 0 1 0 1 0 1 0 1 1 0 1 0 1 0 1 0 0 0 
32 1 0 0 0 0 1 0 0 1 0 0 0 0 0 1 0 0 0 1 0 0 0 1 0 1 0 0 0 0 0 0 0 
32 0 1 0 1 0 1 0 1 1 0 0 1 0 1 0 1 0 0 1 1 0 1 0 1 0 1 0 1 0 1 0 1 
32 1 0 0 0 0 0 0 0 1 0 0 0 0 0 0 0 1 0 0 0 0 0 0 0 0 0 0 0 0 0 0 0 
32 1 0 0 0 0 0 0 0 0 0 0 0 0 0 0 0 0 0 0 0 0 0 0 0 0 0 0 0 0 0 0 0 
32 1 0 0 0 0 0 0 0 0 0 0 0 0 0 0 0 0 0 0 0 0 0 0 0 0 0 0 0 0 0 0 0 
32 0 0 0 1 0 1 0 1 0 0 0 1 0 1 0 1 0 0 0 1 0 1 0 1 0 0 0 1 0 1 0 1 
32 1 0 1 1 0 1 0 1 1 0 1 0 1 0 1 0 1 0 1 0 1 1 0 1 0 1 0 1 0 1 1 1 
32 1 0 0 0 0 1 0 1 1 1 0 1 0 1 0 1 0 1 0 1 0 1 1 0 1 0 1 0 1 0 0 0 
32 1 0 0 0 0 1 0 0 1 0 0 0 0 0 1 0 0 0 1 0 0 0 1 0 1 0 0 0 0 0 0 0 
32 0 1 0 1 0 1 0 1 1 0 0 1 0 1 0 1 0 0 1 1 0 1 0 1 0 1 0 1 0 1 0 1  

16 1 0 0 0 0 0 0 0 1 0 0 0 0 0 0 0 
16 1 0 0 0 0 1 0 1 1 1 0 1 0 1 0 1 
16 1 0 0 0 0 1 0 0 1 0 0 0 0 0 1 0 
16 0 1 0 1 0 1 0 1 1 0 0 1 0 1 0 1 
16 1 0 0 0 0 0 0 0 1 0 0 0 0 0 0 0 
16 1 0 0 0 0 0 0 0 0 0 0 0 0 0 0 0 
16 1 0 0 0 0 0 0 0 0 0 0 0 0 0 0 0 
16 0 0 0 1 0 1 0 1 0 0 0 1 0 1 0 1 
16 1 0 1 1 0 1 0 1 1 0 1 0 1 0 1 0 
16 1 0 0 0 0 1 0 1 1 1 0 1 0 1 0 1 
16 1 0 0 0 0 1 0 0 1 0 0 0 0 0 1 0 
16 0 1 0 1 0 1 0 1 1 0 0 1 0 1 0 1  

16 1 0 0 0 0 0 0 0 1 0 0 0 0 0 0 0 
16 1 0 0 0 0 1 0 1 1 1 0 1 0 1 0 1 
16 1 0 0 0 0 1 0 0 1 0 0 0 0 0 1 0 
16 0 1 0 1 0 1 0 1 1 0 0 1 0 1 0 1 
16 1 0 0 0 0 0 0 0 1 0 0 0 0 0 0 0 
16 1 0 0 0 0 0 0 0 0 0 0 0 0 0 0 0 
16 1 0 0 0 0 0 0 0 0 0 0 0 0 0 0 0 
16 0 0 0 1 0 1 0 1 0 0 0 1 0 1 0 1 
16 1 0 1 1 0 1 0 1 1 0 1 0 1 0 1 0 
16 1 0 0 0 0 1 0 1 1 1 0 1 0 1 0 1 
16 1 0 1 0 0 1 0 0 1 0 0 0 0 0 1 0 
16 0 1 0 1 0 1 0 1 1 0 0 1 0 1 0 1  

32 1 0 0 0 0 0 0 0 1 0 0 0 0 0 0 0 1 0 0 0 0 0 0 0 1 0 0 0 0 0 0 0 
32 1 0 0 0 0 1 0 1 1 1 0 1 0 1 0 1 1 0 0 0 0 1 0 1 1 1 0 1 0 1 0 1 
32 1 0 0 0 0 1 0 0 1 0 0 0 0 0 1 0 1 0 0 0 0 1 0 0 1 0 0 0 0 0 1 0 
32 0 1 0 1 0 1 0 1 1 0 0 1 0 1 0 1 0 1 0 1 0 1 0 1 1 0 0 1 0 1 0 1 
32 1 0 0 0 0 0 0 0 1 0 0 0 0 0 0 0 1 0 0 0 0 0 0 0 1 0 0 0 0 0 0 0 
32 1 0 0 0 0 0 0 0 0 0 0 0 0 0 0 0 1 0 0 0 0 0 0 0 0 0 0 0 0 0 0 0 
32 1 0 0 0 0 0 0 0 0 0 0 0 0 0 0 0 1 0 0 0 0 0 0 0 0 0 0 0 0 0 0 0 
32 0 0 0 1 0 1 0 1 0 0 0 1 0 1 0 1 0 0 0 1 0 1 0 1 0 0 0 1 0 1 0 1 
32 1 0 1 1 0 1 0 1 1 0 1 0 1 0 1 0 1 0 1 1 0 1 0 1 1 0 1 0 1 0 1 0 
32 1 0 0 0 0 1 0 1 1 1 0 1 0 1 0 1 1 0 0 0 0 1 0 1 1 1 0 1 0 1 0 1 
32 1 0 1 0 0 1 0 0 1 0 0 0 0 0 1 0 1 0 1 0 0 1 0 0 1 0 0 0 0 0 1 0 
32 0 1 0 1 0 1 0 1 1 0 0 1 0 1 0 1 0 1 0 1 0 1 0 1 1 0 0 1 0 1 0 1  

32 1 0 0 0 0 0 0 0 1 0 0 0 0 0 0 0 1 0 0 0 0 0 0 0 1 0 0 0 0 0 0 0 
32 1 0 0 0 0 1 0 1 1 1 0 1 0 1 0 1 1 0 0 0 0 1 0 1 1 1 0 1 0 1 0 1 
32 1 0 0 0 0 1 0 0 1 0 0 0 0 0 1 0 1 0 0 0 0 1 0 0 1 0 0 0 0 0 1 0 
32 0 1 0 1 0 1 0 1 1 0 0 1 0 1 0 1 0 1 0 1 0 1 0 1 1 0 0 1 0 1 0 1 
32 1 0 0 0 0 0 0 0 1 0 0 0 0 0 0 0 1 0 0 0 0 0 0 0 1 0 0 0 0 0 0 0 
32 1 0 0 0 0 0 0 0 0 0 0 0 0 0 0 0 1 0 0 0 0 0 0 0 0 0 0 0 0 0 0 0 
32 1 0 1 0 0 0 0 0 0 0 0 0 0 0 0 0 1 0 0 0 0 0 0 0 0 0 0 0 0 0 0 0 
32 0 0 0 1 0 1 0 1 0 0 0 1 0 1 0 1 0 0 0 1 0 1 0 1 0 0 0 1 0 1 0 1 
32 1 0 1 1 0 1 0 1 1 0 1 0 1 0 1 0 1 0 1 1 0 1 0 1 1 0 1 0 1 0 1 0 
32 1 0 0 0 0 1 0 1 1 1 0 1 0 1 0 1 1 0 0 0 0 1 0 1 1 1 0 1 0 1 0 1 
32 1 0 1 0 0 1 0 0 1 0 0 0 0 0 1 0 1 0 1 0 0 1 0 0 1 0 0 0 0 0 1 0 
32 0 1 0 1 0 1 0 1 1 0 0 1 0 1 0 1 0 1 0 1 0 1 0 1 1 0 0 1 0 1 0 1  

32 1 0 0 0 0 0 0 0 1 0 0 0 0 0 0 0 1 0 0 0 0 0 0 0 1 0 0 0 0 0 1 0 
32 1 0 0 0 0 1 0 1 1 1 0 1 0 1 0 1 1 0 0 0 0 1 0 1 1 1 0 1 0 1 0 1 
32 1 0 0 0 0 1 0 0 1 0 0 0 0 0 1 0 1 0 0 0 0 1 0 0 1 0 0 0 0 0 1 0 
32 0 1 0 1 0 1 0 1 1 0 0 1 0 1 0 1 0 1 0 1 0 1 0 1 1 0 0 1 0 1 0 1 
32 1 0 0 0 0 0 0 0 1 0 0 0 0 0 0 0 1 0 0 0 0 0 0 0 1 0 0 0 0 0 0 0 
32 1 0 0 0 0 0 0 0 0 0 0 0 0 0 0 0 1 0 0 0 0 0 0 0 0 0 0 0 0 0 0 0 
32 1 0 1 0 0 0 0 0 0 0 0 0 0 0 0 0 1 0 0 0 0 0 0 0 0 0 0 0 0 0 0 0 
32 0 0 0 1 0 1 0 1 0 0 0 1 0 1 0 1 0 0 0 1 0 1 0 1 0 0 0 1 0 1 0 1 
32 1 0 1 1 0 1 0 1 1 0 1 0 1 0 1 0 1 0 1 1 0 1 0 1 1 0 1 0 1 0 1 0 
32 1 0 0 0 0 1 0 1 1 1 0 1 0 1 0 1 1 0 0 0 0 1 0 1 1 1 0 1 0 1 0 1 
32 1 0 1 0 0 1 0 0 1 0 0 0 0 0 1 0 1 0 1 0 0 1 0 0 1 0 0 0 0 0 1 0 
32 0 1 0 1 0 1 0 1 1 0 0 1 0 1 0 1 0 1 0 1 0 1 0 1 1 0 0 1 0 1 0 1  

32 1 0 0 0 0 0 0 0 1 0 0 0 0 0 0 0 1 0 0 0 0 0 0 0 1 0 0 0 0 0 1 0 
32 1 0 0 0 0 1 0 1 1 1 0 1 0 1 0 1 1 0 0 0 0 1 0 1 1 1 0 1 0 1 0 1 
32 1 0 0 0 0 1 0 0 1 0 0 0 0 0 1 0 1 0 0 0 0 1 0 0 1 0 0 0 0 0 1 0 
32 0 1 0 1 0 1 0 1 1 0 0 1 0 1 0 1 0 1 0 1 0 1 0 1 1 0 0 1 0 1 0 1 
32 1 0 0 0 0 0 0 0 1 0 0 0 0 0 0 0 1 0 0 0 0 0 0 0 1 0 0 0 0 0 0 0 
32 1 0 0 0 0 0 0 0 0 0 0 0 0 0 0 0 1 0 0 0 0 0 0 0 0 0 0 0 0 0 0 0 
32 1 0 1 0 0 0 0 0 0 0 0 0 0 0 0 0 1 0 0 0 0 0 0 0 0 0 0 0 0 0 0 0 
32 0 0 0 1 0 1 0 1 0 0 0 1 0 1 0 1 0 0 0 1 0 1 0 1 0 0 0 1 0 1 0 1 
32 1 0 0 1 0 1 0 1 1 0 1 0 1 0 1 0 1 0 1 1 0 1 0 1 1 0 1 0 1 0 1 0 
32 1 0 0 0 0 1 0 1 1 1 0 1 0 1 0 1 1 0 0 0 0 1 0 1 1 1 0 1 0 1 0 1 
32 1 0 1 0 0 1 0 0 1 0 0 0 0 0 1 0 1 0 1 0 0 1 0 0 1 0 0 0 0 0 1 0 
32 0 1 0 1 0 1 0 1 1 0 0 1 0 1 0 1 0 1 0 1 0 1 0 1 1 0 0 1 0 1 0 1  

16 1 0 0 0 0 0 0 0 1 0 0 0 0 0 0 0 
16 1 0 0 0 0 1 0 1 1 1 0 1 0 1 0 1 
16 1 0 0 0 0 1 0 0 1 0 0 0 0 0 1 0 
16 0 1 0 1 0 1 0 1 1 0 0 1 0 1 0 1 
16 1 0 0 0 0 0 0 0 1 0 0 0 0 0 0 0 
16 1 0 0 0 0 0 0 0 0 0 0 0 0 0 0 0 
16 1 0 1 0 0 0 0 0 0 0 0 0 0 0 0 0 
16 0 0 0 1 0 1 0 1 0 0 0 1 0 1 0 1 
16 1 0 0 1 0 1 0 1 1 0 1 0 1 0 1 0 
16 1 0 0 0 0 1 0 1 1 1 0 1 0 1 0 1 
16 1 0 1 0 0 1 0 0 1 0 0 0 0 0 1 0 
16 0 1 0 1 0 1 0 1 1 0 0 1 0 1 0 1  

16 1 0 0 0 | 0 0 0 0 # 1 0 0 0 | 0 0 0 0  -> be altruistic only in 0000 or 1000
16 1 0 0 0 | 0 1 0 1 # 1 1 0 1 | 0 1 0 1  
16 1 0 1 0 | 0 1 0 0 # 1 0 0 0 | 0 0 1 0  
16 0 1 0 1 | 0 1 0 1 # 1 0 0 1 | 0 1 0 1 

16 1 0 0 0 | 0 0 0 0 # 1 0 0 0 0 0 0 0 
16 1 0 0 0 | 0 0 0 0 # 0 0 0 0 0 0 0 0 
16 1 0 1 0 | 0 0 0 0 # 0 0 0 0 0 0 0 0 
16 0 0 0 1 | 0 1 0 1 # 0 0 0 1 0 1 0 1 

16 1 0 0 1 | 0 1 0 1 # 1 0 1 0 1 0 1 0 
16 1 0 0 0 | 0 1 0 1 # 1 1 0 1 0 1 0 1 
16 1 0 1 0 | 0 1 0 0 # 1 0 0 0 0 0 1 0 
16 0 1 0 1 | 0 1 0 1 # 1 0 0 1 0 1 0 1

32 1 0 0 0 0 0 0 0 | 1 0 0 0 0 0 0 0 | 1 0 0 0 0 0 0 0 | 0 0 0 0 0 0 0 0
32 1 0 0 0 0 0 0 0 | 0 0 0 0 0 0 0 0 | 0 0 0 0 0 0 0 0 | 0 0 0 0 0 0 0 0
32 1 0 0 0 0 0 0 0 | 0 0 0 0 0 0 0 0 | 0 0 0 0 0 0 0 0 | 0 0 0 0 0 0 0 0
32 0 0 0 1 0 1 0 1 | 0 0 0 1 0 1 0 1 | 0 0 0 1 0 1 0 1 | 0 0 0 1 0 1 0 1

32 1 0 0 0 0 0 0 0 1 0 0 0 0 0 0 0 1 0 0 0 0 0 0 0 0 0 0 0 0 0 0 0
32 1 0 0 0 0 0 0 0 0 0 0 0 0 0 0 0 0 0 0 0 0 0 0 0 0 0 0 0 0 0 0 0
32 1 0 0 0 0 0 0 0 1 0 0 0 0 0 0 0 1 0 0 0 0 0 0 0 1 0 0 0 0 0 0 0
32 0 0 0 1 0 1 0 1 0 0 0 1 0 1 0 1 0 0 0 1 0 1 0 1 0 0 0 1 0 1 0 1

32 1 0 0 0 0 0 0 0 1 0 0 0 0 0 0 0 1 0 0 0 0 0 0 0 0 0 0 0 0 0 0 0
32 1 0 0 0 0 0 0 0 0 0 0 0 0 0 0 0 0 0 0 0 0 0 0 0 0 0 0 0 0 0 0 0
32 1 0 0 0 1 0 0 0 1 0 0 0 1 0 0 0 1 0 0 0 1 0 0 0 1 0 0 0 1 0 0 0
32 0 0 0 1 0 1 0 1 0 0 0 1 0 1 0 1 0 0 0 1 0 1 0 1 0 0 0 1 0 1 0 1